header:
  seq: 0
  stamp:
    secs: 0
    nsecs: 0
  frame_id: front_6mm
height: 1080
width: 1920
distortion_model: plumb_bob
D: [-0.5582626417734153, 0.2921648008940836, -0.0033506163899562195, -0.0016138659979123698, 0.0]
K: [1977.7413659906567, 0.0, 985.7299631491104, 0.0, 1974.4675820943926, 530.005788716478, 0.0, 0.0, 1.0]
R: [1.0, 0.0, 0.0, 0.0, 1.0, 0.0, 0.0, 0.0, 1.0]
P: [1678.4171142578125, 0.0, 991.4758547198289, 0.0, 0.0, 1887.630615234375, 527.2694131582102, 0.0, 0.0, 0.0, 1.0, 0.0]
binning_x: 0
binning_y: 0
roi:
  x_offset: 0
  y_offset: 0
  height: 0
  width: 0
  do_rectify: False